169 1 40 242 25 21 -1 -1 -1 0 
170 1 39 240 27 24 -1 -1 -1 0 
171 1 39 239 27 25 -1 -1 -1 0 
174 1 37 238 30 26 -1 -1 -1 0 
175 1 38 236 25 27 -1 -1 -1 0 
176 1 36 234 29 30 -1 -1 -1 0 
176 4 108 244 23 20 -1 -1 -1 0 
177 1 35 232 33 31 -1 -1 -1 0 
177 4 109 244 24 20 -1 -1 -1 0 
178 1 34 231 34 33 -1 -1 -1 0 
178 4 112 241 23 22 -1 -1 -1 0 
179 1 35 231 36 33 -1 -1 -1 0 
179 4 112 240 25 23 -1 -1 -1 0 
180 1 39 232 32 32 -1 -1 -1 0 
180 4 113 238 25 25 -1 -1 -1 0 
181 1 42 231 30 33 -1 -1 -1 0 
181 4 113 236 25 27 -1 -1 -1 0 
182 1 43 230 32 33 -1 -1 -1 0 
182 4 112 235 27 29 -1 -1 -1 0 
183 1 44 228 33 35 -1 -1 -1 0 
183 4 111 235 26 29 -1 -1 -1 0 
184 1 37 225 44 38 -1 -1 -1 0 
184 4 109 235 28 28 -1 -1 -1 0 
185 1 38 223 43 40 -1 -1 -1 0 
185 4 104 235 33 29 -1 -1 -1 0 
186 1 46 222 37 42 -1 -1 -1 0 
186 4 101 232 39 32 -1 -1 -1 0 
187 1 47 222 38 42 -1 -1 -1 0 
187 4 100 229 42 35 -1 -1 -1 0 
188 1 47 222 38 42 -1 -1 -1 0 
188 4 99 228 44 36 -1 -1 -1 0 
189 1 46 222 37 42 -1 -1 -1 0 
189 4 99 227 44 37 -1 -1 -1 0 
190 1 40 220 44 43 -1 -1 -1 0 
190 4 100 227 43 37 -1 -1 -1 0 
191 1 39 218 46 46 -1 -1 -1 0 
191 4 102 227 42 37 -1 -1 -1 0 
192 1 39 216 46 47 -1 -1 -1 0 
192 4 104 226 42 37 -1 -1 -1 0 
193 1 39 214 47 50 -1 -1 -1 0 
193 4 104 224 43 39 -1 -1 -1 0 
194 1 39 214 47 50 -1 -1 -1 0 
194 4 104 222 44 41 -1 -1 -1 0 
195 1 40 215 48 49 -1 -1 -1 0 
195 4 105 220 45 43 -1 -1 -1 0 
196 1 42 214 47 50 -1 -1 -1 0 
196 4 104 218 47 46 -1 -1 -1 0 
197 1 43 213 47 51 -1 -1 -1 0 
197 4 104 218 48 46 -1 -1 -1 0 
198 1 43 212 49 51 -1 -1 -1 0 
198 4 105 218 49 46 -1 -1 -1 0 
199 1 44 209 49 53 -1 -1 -1 0 
199 4 105 217 50 47 -1 -1 -1 0 
200 1 44 208 50 55 -1 -1 -1 0 
200 4 105 216 49 47 -1 -1 -1 0 
201 1 43 206 53 58 -1 -1 -1 0 
201 4 104 213 51 50 -1 -1 -1 0 
202 1 43 206 54 58 -1 -1 -1 0 
202 4 102 211 55 53 -1 -1 -1 0 
203 1 44 206 53 58 -1 -1 -1 0 
203 4 103 210 52 53 -1 -1 -1 0 
204 1 44 207 52 57 -1 -1 -1 0 
204 4 102 209 53 56 -1 -1 -1 0 
205 1 43 206 51 57 -1 -1 -1 0 
205 4 103 209 51 55 -1 -1 -1 0 
206 1 43 205 50 59 -1 -1 -1 0 
206 4 104 209 49 55 -1 -1 -1 0 
207 1 43 202 49 62 -1 -1 -1 0 
207 4 105 209 50 55 -1 -1 -1 0 
208 1 42 199 51 65 -1 -1 -1 0 
208 4 107 208 50 55 -1 -1 -1 0 
209 1 41 198 52 66 -1 -1 -1 0 
209 4 107 207 51 56 -1 -1 -1 0 
210 1 40 199 53 65 -1 -1 -1 0 
210 4 108 205 53 58 -1 -1 -1 0 
211 1 40 199 53 65 -1 -1 -1 0 
211 4 107 204 56 60 -1 -1 -1 0 
212 1 41 199 52 65 -1 -1 -1 0 
212 4 108 203 53 61 -1 -1 -1 0 
213 1 42 199 52 65 -1 -1 -1 0 
213 4 108 203 53 61 -1 -1 -1 0 
214 1 42 197 54 67 -1 -1 -1 0 
214 4 108 203 53 61 -1 -1 -1 0 
215 1 43 196 52 68 -1 -1 -1 0 
215 4 109 203 52 60 -1 -1 -1 0 
216 1 43 193 52 70 -1 -1 -1 0 
216 4 110 201 55 62 -1 -1 -1 0 
217 1 43 192 52 72 -1 -1 -1 0 
217 4 110 199 56 64 -1 -1 -1 0 
218 1 42 192 53 72 -1 -1 -1 0 
218 4 110 197 57 67 -1 -1 -1 0 
219 1 42 193 52 72 -1 -1 -1 0 
219 4 111 197 55 67 -1 -1 -1 0 
220 1 43 192 50 72 -1 -1 -1 0 
220 4 112 196 56 68 -1 -1 -1 0 
221 1 43 192 49 72 -1 -1 -1 0 
221 4 114 196 54 68 -1 -1 -1 0 
222 1 42 190 49 73 -1 -1 -1 0 
222 4 115 196 54 67 -1 -1 -1 0 
223 1 42 187 50 76 -1 -1 -1 0 
223 4 116 195 55 68 -1 -1 -1 0 
224 1 42 186 51 78 -1 -1 -1 0 
224 4 118 194 55 69 -1 -1 -1 0 
225 1 42 185 53 79 -1 -1 -1 0 
225 4 119 192 55 71 -1 -1 -1 0 
226 1 42 186 55 78 -1 -1 -1 0 
226 4 118 191 54 73 -1 -1 -1 0 
227 1 43 187 56 77 -1 -1 -1 0 
227 4 119 191 52 72 -1 -1 -1 0 
228 1 45 187 55 76 -1 -1 -1 0 
228 4 119 190 52 74 -1 -1 -1 0 
229 1 46 185 55 78 -1 -1 -1 0 
229 4 119 190 52 73 -1 -1 -1 0 
230 1 46 184 56 80 -1 -1 -1 0 
230 4 119 189 52 74 -1 -1 -1 0 
231 1 48 181 52 83 -1 -1 -1 0 
231 4 118 187 55 76 -1 -1 -1 0 
232 1 48 180 52 84 -1 -1 -1 0 
232 4 117 185 58 78 -1 -1 -1 0 
233 1 49 179 51 85 -1 -1 -1 0 
233 4 116 184 60 80 -1 -1 -1 0 
234 1 50 180 50 84 -1 -1 -1 0 
234 4 117 184 57 80 -1 -1 -1 0 
235 1 51 180 49 84 -1 -1 -1 0 
235 4 117 184 55 80 -1 -1 -1 0 
236 1 52 180 48 84 -1 -1 -1 0 
236 4 116 184 56 80 -1 -1 -1 0 
237 1 53 179 47 84 -1 -1 -1 0 
237 4 116 184 56 79 -1 -1 -1 0 
238 1 52 176 49 87 -1 -1 -1 0 
238 4 117 182 58 81 -1 -1 -1 0 
239 1 53 175 49 88 -1 -1 -1 0 
239 4 118 181 58 82 -1 -1 -1 0 
240 1 55 174 48 89 -1 -1 -1 0 
240 4 120 179 55 84 -1 -1 -1 0 
241 1 55 173 51 90 -1 -1 -1 0 
241 4 120 178 53 86 -1 -1 -1 0 
242 1 56 172 51 91 -1 -1 -1 0 
243 1 57 174 51 91 -1 -1 -1 0 
243 4 119 179 52 85 -1 -1 -1 0 
244 1 60 173 47 91 -1 -1 -1 0 
244 4 119 178 50 85 -1 -1 -1 0 
245 1 60 173 49 90 -1 -1 -1 0 
245 4 119 177 51 86 -1 -1 -1 0 
246 1 62 170 50 93 -1 -1 -1 0 
246 4 119 175 52 88 -1 -1 -1 0 
247 1 63 169 51 94 -1 -1 -1 0 
247 4 119 173 52 90 -1 -1 -1 0 
248 1 64 168 50 96 -1 -1 -1 0 
248 4 118 172 54 92 -1 -1 -1 0 
249 1 64 168 51 95 -1 -1 -1 0 
249 4 117 172 56 92 -1 -1 -1 0 
250 1 64 168 52 96 -1 -1 -1 0 
250 4 120 173 53 91 -1 -1 -1 0 
251 1 66 168 50 96 -1 -1 -1 0 
251 4 121 173 53 91 -1 -1 -1 0 
252 1 68 167 47 96 -1 -1 -1 0 
252 4 123 173 52 90 -1 -1 -1 0 
253 1 69 165 47 98 -1 -1 -1 0 
253 4 126 171 51 92 -1 -1 -1 0 
254 1 71 163 46 100 -1 -1 -1 0 
254 4 127 170 51 93 -1 -1 -1 0 
255 1 71 162 46 101 -1 -1 -1 0 
255 4 128 168 50 95 -1 -1 -1 0 
256 1 71 162 49 102 -1 -1 -1 0 
256 4 128 167 52 97 -1 -1 -1 0 
257 1 72 162 49 102 -1 -1 -1 0 
257 4 128 167 53 97 -1 -1 -1 0 
258 1 75 162 46 102 -1 -1 -1 0 
258 4 129 167 53 97 -1 -1 -1 0 
259 1 78 160 44 104 -1 -1 -1 0 
259 4 130 167 52 96 -1 -1 -1 0 
260 1 79 160 45 104 -1 -1 -1 0 
260 4 130 166 53 97 -1 -1 -1 0 
261 1 80 159 48 104 -1 -1 -1 0 
261 4 132 164 51 99 -1 -1 -1 0 
262 1 81 157 49 106 -1 -1 -1 0 
262 4 132 163 51 100 -1 -1 -1 0 
263 1 82 156 49 107 -1 -1 -1 0 
263 4 133 162 50 102 -1 -1 -1 0 
264 1 83 156 49 106 -1 -1 -1 0 
265 4 135 162 51 101 -1 -1 -1 0 
266 1 88 158 46 104 -1 -1 -1 0 
266 4 136 163 51 100 -1 -1 -1 0 
267 1 90 156 46 106 -1 -1 -1 0 
267 4 140 161 52 102 -1 -1 -1 0 
268 1 91 154 47 109 -1 -1 -1 0 
268 4 142 159 53 104 -1 -1 -1 0 
269 1 93 153 47 111 -1 -1 -1 0 
269 4 143 158 53 104 -1 -1 -1 0 
270 1 94 152 46 111 -1 -1 -1 0 
270 4 145 157 52 106 -1 -1 -1 0 
271 1 94 152 47 111 -1 -1 -1 0 
271 4 147 157 51 107 -1 -1 -1 0 
272 1 96 152 47 112 -1 -1 -1 0 
272 4 149 157 49 107 -1 -1 -1 0 
273 1 97 151 47 113 -1 -1 -1 0 
273 4 150 157 49 107 -1 -1 -1 0 
274 1 99 151 46 113 -1 -1 -1 0 
274 4 152 157 49 106 -1 -1 -1 0 
275 1 101 151 46 112 -1 -1 -1 0 
275 4 153 156 49 107 -1 -1 -1 0 
276 1 102 149 49 115 -1 -1 -1 0 
276 4 155 153 49 111 -1 -1 -1 0 
277 1 104 147 49 117 -1 -1 -1 0 
277 4 155 151 51 113 -1 -1 -1 0 
278 1 105 147 49 117 -1 -1 -1 0 
278 4 156 151 52 113 -1 -1 -1 0 
279 1 106 147 49 117 -1 -1 -1 0 
279 4 157 152 51 112 -1 -1 -1 0 
280 1 108 147 48 117 -1 -1 -1 0 
280 4 161 152 48 112 -1 -1 -1 0 
281 1 111 147 44 117 -1 -1 -1 0 
281 4 164 152 47 111 -1 -1 -1 0 
282 1 112 146 44 117 -1 -1 -1 0 
282 4 168 150 46 113 -1 -1 -1 0 
283 1 114 144 44 119 -1 -1 -1 0 
283 4 171 149 46 113 -1 -1 -1 0 
284 1 116 143 44 120 -1 -1 -1 0 
284 4 172 148 48 115 -1 -1 -1 0 
285 1 117 142 46 120 -1 -1 -1 0 
285 4 174 148 48 115 -1 -1 -1 0 
286 1 119 141 47 121 -1 -1 -1 0 
286 4 176 147 48 117 -1 -1 -1 0 
287 1 121 141 47 121 -1 -1 -1 0 
287 4 178 147 48 117 -1 -1 -1 0 
288 1 124 142 45 121 -1 -1 -1 0 
288 4 179 147 48 117 -1 -1 -1 0 
289 1 127 142 44 121 -1 -1 -1 0 
289 4 180 146 49 117 -1 -1 -1 0 
290 1 130 141 43 121 -1 -1 -1 0 
290 4 182 144 50 118 -1 -1 -1 0 
291 1 132 139 44 121 -1 -1 -1 0 
291 4 183 143 49 118 -1 -1 -1 0 
292 1 134 138 46 121 -1 -1 -1 0 
292 4 185 143 47 117 -1 -1 -1 0 
293 1 136 137 46 123 -1 -1 -1 0 
293 4 185 143 49 118 -1 -1 -1 0 
294 1 137 137 47 123 -1 -1 -1 0 
294 4 187 143 48 118 -1 -1 -1 0 
295 1 139 138 46 121 -1 -1 -1 0 
295 4 192 143 43 117 -1 -1 -1 0 
296 1 142 138 44 120 -1 -1 -1 0 
296 4 193 142 45 117 -1 -1 -1 0 
297 1 143 136 44 121 -1 -1 -1 0 
297 4 196 141 48 116 -1 -1 -1 0 
298 1 145 133 45 119 -1 -1 -1 0 
298 4 200 140 48 115 -1 -1 -1 0 
299 1 147 133 44 119 -1 -1 -1 0 
299 4 203 140 47 114 -1 -1 -1 0 
300 1 148 133 44 119 -1 -1 -1 0 
300 4 205 140 49 115 -1 -1 -1 0 
301 1 151 133 45 120 -1 -1 -1 0 
301 4 208 139 48 116 -1 -1 -1 0 
302 1 153 132 46 121 -1 -1 -1 0 
302 4 209 139 48 116 -1 -1 -1 0 
303 1 156 133 44 119 -1 -1 -1 0 
303 4 211 138 49 116 -1 -1 -1 0 
304 1 159 133 43 118 -1 -1 -1 0 
304 4 215 138 48 115 -1 -1 -1 0 
305 1 162 132 43 119 -1 -1 -1 0 
305 4 215 136 52 115 -1 -1 -1 0 
306 1 165 131 45 118 -1 -1 -1 0 
306 4 219 135 49 115 -1 -1 -1 0 
307 1 169 128 45 120 -1 -1 -1 0 
307 4 222 134 46 115 -1 -1 -1 0 
308 1 170 127 47 121 -1 -1 -1 0 
308 4 223 134 47 116 -1 -1 -1 0 
309 1 171 128 48 120 -1 -1 -1 0 
309 4 226 134 47 115 -1 -1 -1 0 
310 1 175 128 44 119 -1 -1 -1 0 
310 4 230 134 42 114 -1 -1 -1 0 
311 1 177 128 43 119 -1 -1 -1 0 
311 4 232 134 42 113 -1 -1 -1 0 
312 1 179 128 42 119 -1 -1 -1 0 
312 4 237 133 41 112 -1 -1 -1 0 
313 1 181 126 43 117 -1 -1 -1 0 
313 4 241 131 41 112 -1 -1 -1 0 
314 1 182 125 44 116 -1 -1 -1 0 
314 4 243 130 41 113 -1 -1 -1 0 
315 1 185 124 42 117 -1 -1 -1 0 
315 4 244 131 46 113 -1 -1 -1 0 
316 1 188 123 42 118 -1 -1 -1 0 
316 4 245 130 50 114 -1 -1 -1 0 
317 1 190 124 43 117 -1 -1 -1 0 
317 4 247 130 50 113 -1 -1 -1 0 
318 1 190 124 47 117 -1 -1 -1 0 
318 4 251 130 47 113 -1 -1 -1 0 
319 1 192 123 46 117 -1 -1 -1 0 
319 4 253 128 50 113 -1 -1 -1 0 
320 1 194 123 47 117 -1 -1 -1 0 
320 4 255 127 49 112 -1 -1 -1 0 
321 1 200 121 46 115 -1 -1 -1 0 
321 4 256 127 49 110 -1 -1 -1 0 
322 1 204 120 47 115 -1 -1 -1 0 
322 4 260 126 42 112 -1 -1 -1 0 
323 1 207 120 46 115 -1 -1 -1 0 
323 4 260 125 44 113 -1 -1 -1 0 
324 1 210 120 45 115 -1 -1 -1 0 
324 4 263 125 40 113 -1 -1 -1 0 
325 1 213 120 45 115 -1 -1 -1 0 
325 4 266 125 38 112 -1 -1 -1 0 
326 1 216 120 43 114 -1 -1 -1 0 
326 4 268 125 37 111 -1 -1 -1 0 
327 1 220 118 41 116 -1 -1 -1 0 
327 4 270 124 39 111 -1 -1 -1 0 
328 1 223 117 42 115 -1 -1 -1 0 
328 4 272 123 42 108 -1 -1 -1 0 
329 1 225 117 42 114 -1 -1 -1 0 
329 4 274 123 44 108 -1 -1 -1 0 
330 1 228 115 42 115 -1 -1 -1 0 
330 4 276 121 47 109 -1 -1 -1 0 
331 1 230 115 45 115 -1 -1 -1 0 
331 4 278 121 48 110 -1 -1 -1 0 
332 1 233 115 45 115 -1 -1 -1 0 
332 4 279 122 48 110 -1 -1 -1 0 
333 1 236 115 49 114 -1 -1 -1 0 
333 4 281 122 46 110 -1 -1 -1 0 
334 1 241 116 44 113 -1 -1 -1 0 
334 4 284 119 47 109 -1 -1 -1 0 
335 1 243 116 40 113 -1 -1 -1 0 
335 4 285 119 47 101 -1 -1 -1 0 
336 1 247 115 38 112 -1 -1 -1 0 
336 4 289 117 43 100 -1 -1 -1 0 
337 1 251 113 40 113 -1 -1 -1 0 
337 4 291 116 42 100 -1 -1 -1 0 
338 1 251 112 43 113 -1 -1 -1 0 
338 4 293 116 40 99 -1 -1 -1 0 
339 1 255 113 41 112 -1 -1 -1 0 
339 4 296 117 37 95 -1 -1 -1 0 
340 1 257 113 44 112 -1 -1 -1 0 
340 4 300 118 35 86 -1 -1 -1 0 
341 1 260 113 43 112 -1 -1 -1 0 
341 4 302 119 34 83 -1 -1 -1 0 
342 1 262 113 43 112 -1 -1 -1 0 
342 4 306 117 37 83 -1 -1 -1 0 
343 1 265 111 43 110 -1 -1 -1 0 
343 4 309 115 42 78 -1 -1 -1 0 
344 1 266 110 42 109 -1 -1 -1 0 
344 4 311 115 42 75 -1 -1 -1 0 
345 1 269 108 39 111 -1 -1 -1 0 
345 4 314 115 43 74 -1 -1 -1 0 
346 1 271 107 40 112 -1 -1 -1 0 
346 4 317 115 44 76 -1 -1 -1 0 
347 1 272 107 40 112 -1 -1 -1 0 
347 4 318 114 45 75 -1 -1 -1 0 
348 1 275 108 39 111 -1 -1 -1 0 
348 4 322 114 43 72 -1 -1 -1 0 
349 1 278 109 37 110 -1 -1 -1 0 
349 4 325 113 42 71 -1 -1 -1 0 
350 1 280 109 37 110 -1 -1 -1 0 
350 4 327 112 40 70 -1 -1 -1 0 
351 1 283 108 37 110 -1 -1 -1 0 
351 4 330 112 37 68 -1 -1 -1 0 
352 1 287 106 39 109 -1 -1 -1 0 
352 4 334 111 33 68 -1 -1 -1 0 
353 1 289 105 40 107 -1 -1 -1 0 
353 4 336 111 31 68 -1 -1 -1 0 
354 1 291 104 43 103 -1 -1 -1 0 
354 4 340 112 27 68 -1 -1 -1 0 
355 1 294 105 45 100 -1 -1 -1 0 
355 4 343 111 24 68 -1 -1 -1 0 
356 1 297 105 44 98 -1 -1 -1 0 
356 4 346 112 21 68 -1 -1 -1 0 
357 1 299 106 45 95 -1 -1 -1 0 
357 4 349 111 18 66 -1 -1 -1 0 
358 1 304 105 41 93 -1 -1 -1 0 
358 4 352 116 15 61 -1 -1 -1 0 
359 1 305 103 42 92 -1 -1 -1 0 
359 4 353 125 14 53 -1 -1 -1 0 
360 1 307 102 41 96 -1 -1 -1 0 
361 1 310 101 40 95 -1 -1 -1 0 
362 1 313 101 38 94 -1 -1 -1 0 
363 1 316 102 38 93 -1 -1 -1 0 
364 1 318 103 39 91 -1 -1 -1 0 
365 1 322 103 37 89 -1 -1 -1 0 
366 1 329 101 37 81 -1 -1 -1 0 
367 1 334 100 33 79 -1 -1 -1 0 
384 6 333 100 34 80 -1 -1 -1 0 
385 6 324 101 43 80 -1 -1 -1 0 
386 6 321 102 46 79 -1 -1 -1 0 
387 6 318 104 49 77 -1 -1 -1 0 
388 6 315 104 52 81 -1 -1 -1 0 
389 6 314 103 53 85 -1 -1 -1 0 
390 6 315 103 49 90 -1 -1 -1 0 
391 6 314 104 46 92 -1 -1 -1 0 
392 6 313 105 45 92 -1 -1 -1 0 
393 6 310 106 44 94 -1 -1 -1 0 
394 6 307 107 43 93 -1 -1 -1 0 
395 6 305 108 41 96 -1 -1 -1 0 
396 6 301 108 42 98 -1 -1 -1 0 
397 6 295 108 43 101 -1 -1 -1 0 
398 6 291 107 46 104 -1 -1 -1 0 
399 6 283 107 52 104 -1 -1 -1 0 
400 6 278 109 54 103 -1 -1 -1 0 
401 6 277 111 53 128 -1 -1 -1 0 
402 6 272 112 56 128 -1 -1 -1 0 
403 6 269 112 57 129 -1 -1 -1 0 
404 6 269 112 56 129 -1 -1 -1 0 
405 6 268 111 53 130 -1 -1 -1 0 
406 6 268 112 50 129 -1 -1 -1 0 
407 6 266 113 49 130 -1 -1 -1 0 
408 6 256 114 55 130 -1 -1 -1 0 
409 6 253 115 54 130 -1 -1 -1 0 
410 6 255 116 49 130 -1 -1 -1 0 
411 6 254 117 46 130 -1 -1 -1 0 
412 6 250 116 46 131 -1 -1 -1 0 
413 6 246 116 48 131 -1 -1 -1 0 
414 6 241 117 49 131 -1 -1 -1 0 
415 6 235 120 50 130 -1 -1 -1 0 
416 6 231 121 51 130 -1 -1 -1 0 
417 6 227 123 52 129 -1 -1 -1 0 
418 6 223 124 52 130 -1 -1 -1 0 
419 6 222 123 51 131 -1 -1 -1 0 
420 6 218 124 53 130 -1 -1 -1 0 
421 6 215 124 51 130 -1 -1 -1 0 
422 6 213 124 50 130 -1 -1 -1 0 
423 6 201 126 56 129 -1 -1 -1 0 
424 6 193 127 59 130 -1 -1 -1 0 
425 6 194 128 58 129 -1 -1 -1 0 
426 6 194 129 52 129 -1 -1 -1 0 
427 6 193 128 45 130 -1 -1 -1 0 
428 6 189 127 44 131 -1 -1 -1 0 
429 6 181 128 47 132 -1 -1 -1 0 
430 6 172 128 52 134 -1 -1 -1 0 
431 6 167 129 55 134 -1 -1 -1 0 
432 6 161 130 56 137 -1 -1 -1 0 
433 6 154 131 59 133 -1 -1 -1 0 
434 6 152 131 58 134 -1 -1 -1 0 
435 6 149 130 57 136 -1 -1 -1 0 
436 6 148 130 54 135 -1 -1 -1 0 
437 6 147 132 53 133 -1 -1 -1 0 
438 6 141 133 53 133 -1 -1 -1 0 
439 6 136 136 53 128 -1 -1 -1 0 
440 6 136 137 50 127 -1 -1 -1 0 
441 6 132 137 52 127 -1 -1 -1 0 
442 6 125 136 51 127 -1 -1 -1 0 
443 6 120 136 52 126 -1 -1 -1 0 
444 6 113 136 52 127 -1 -1 -1 0 
445 6 104 138 55 125 -1 -1 -1 0 
446 6 100 139 56 124 -1 -1 -1 0 
447 6 95 141 57 122 -1 -1 -1 0 
448 6 90 142 58 120 -1 -1 -1 0 
449 6 87 142 59 120 -1 -1 -1 0 
450 6 85 142 55 120 -1 -1 -1 0 
451 6 83 143 52 120 -1 -1 -1 0 
452 6 80 144 51 120 -1 -1 -1 0 
453 6 71 145 55 119 -1 -1 -1 0 
454 6 67 147 52 117 -1 -1 -1 0 
455 6 64 148 52 115 -1 -1 -1 0 
456 6 59 148 49 115 -1 -1 -1 0 
457 6 52 147 49 116 -1 -1 -1 0 
458 6 48 147 47 115 -1 -1 -1 0 
459 6 36 148 54 115 -1 -1 -1 0 
460 6 25 149 60 115 -1 -1 -1 0 
461 6 21 150 60 113 -1 -1 -1 0 
462 6 15 152 62 111 -1 -1 -1 0 
463 6 11 151 62 112 -1 -1 -1 0 
464 6 11 151 58 112 -1 -1 -1 0 
465 6 10 150 53 113 -1 -1 -1 0 
466 6 6 152 53 111 -1 -1 -1 0 
467 6 2 153 54 111 -1 -1 -1 0 
468 6 1 156 47 107 -1 -1 -1 0 
469 6 0 158 40 105 -1 -1 -1 0 
470 6 0 158 38 106 -1 -1 -1 0 
471 6 0 167 28 97 -1 -1 -1 0 
472 6 0 170 20 92 -1 -1 -1 0 
473 6 0 170 14 85 -1 -1 -1 0 
